# Created by Octave 6.2.0, Wed Apr 21 08:05:39 2021 CDT <william@william-XPS-arch>
# name: Panels
# type: matrix
# rows: 16
# columns: 6
 0.074999999999999997 0.074999999999999997 0.29199999999999998 -0.14599999999999999 0.14599999999999999 0
 0.074999999999999997 0.22500000000000001 0.17890290662814845 0.14599999999999999 0.24349999999999999 56.976132444203358
 0.22500000000000001 0.45000000000000001 0.2472473457895959 0.24349999999999999 0.34599999999999997 65.508098971768447
 0.45000000000000001 0.90000000000000002 0.4675778010128368 0.34599999999999997 0.47299999999999998 74.23975432846639
 0.90000000000000002 1.5 0.60701235572268208 0.47299999999999998 0.56499999999999995 81.282543035400337
 1.5 2.1000000000000001 0.60040319785957175 0.56499999999999995 0.58699999999999997 87.900095482354828
 2.1000000000000001 2.7000000000000002 0.60025515408032948 0.58699999999999997 0.56950000000000001 91.670653271399971
 2.7000000000000002 4.2000000000000002 1.5094344139445079 0.56950000000000001 0.40100000000000002 96.409356606922898
 4.2000000000000002 6 1.8441260802884383 0.40100000000000002 0 102.55913719788538
 0.074999999999999997 0.29999999999999999 0.23365358974344902 -0.085999999999999993 -0.14899999999999999 -74.357753542791272
 0.29999999999999999 0.47999999999999998 0.18076382381439046 -0.14899999999999999 -0.1656 -84.730959781772938
 0.47999999999999998 0.90000000000000002 0.42006518541769206 -0.1656 -0.17299999999999999 -88.990607372610256
 0.90000000000000002 1.5 0.60044067150718561 -0.17299999999999999 -0.14999999999999999 -92.195263363173979
 1.5 2.3999999999999999 0.90097946702463749 -0.14999999999999999 -0.108 -92.671864593272588
 2.3999999999999999 3.6000000000000001 1.2009596163068934 -0.108 -0.059999999999999998 -92.290610042638534
 3.6000000000000001 6 2.4007498828491065 -0.059999999999999998 0 -91.432096184164649


