# Created by Octave 6.2.0, Wed Apr 21 08:02:34 2021 CDT <william@william-XPS-arch>
# name: ChordLength
# type: scalar
0.15045


# name: Height
# type: scalar
0.01862


# name: Rho
# type: scalar
1.225


# name: WingWidth
# type: scalar
0.6096


